0.509
1.291
2.13
2.9
3.73
4.546
5.338
6.13
6.875
7.618
8.356
9.095
9.792
10.552
11.34
12.148
12.929
13.768
14.62
15.467
16.301
17.098
17.894
18.672
19.441
20.241
20.951
21.771
22.613
23.458
24.284
25.135
25.98
26.81
27.62
28.419
29.217
30.013
30.871
31.73
32.611
33.494
34.317
35.153
35.973
36.75
37.547
38.277
39.032
39.813
40.597
41.375
42.198
43.013
43.843
44.638
45.452
46.24
47.002
47.777
48.541
49.329
50.109
50.907
51.703
52.509
53.376
54.171
54.991
55.792
56.578
57.385
58.139
58.97
59.772
60.598
61.411
62.228
63.036
63.839
64.588
65.368
66.09
66.831
67.566
68.335
69.153
69.976
70.808
71.597
72.386
73.156
73.958
74.675
75.412
76.149
76.876
77.628
78.365
79.124
79.864
80.636
81.38
82.15
82.9
83.654
84.413
85.152
85.873
86.588
87.337
88.098
88.869
89.658
90.437
91.213
92.012
92.78
93.496
94.185
94.889
95.561
96.211
96.866
97.517
98.177
98.823
99.497
100.139
100.81
101.49
102.178
102.845
103.541
104.252
104.948
105.631
106.312
107.024
107.736
108.46
109.168
109.901
110.66
111.4
112.131
112.848
113.555
114.263
114.975
115.672
116.366
117.064
117.763
118.425
119.13
119.832
